1.000000000000000000e+00 6.000000000000000000e+03 6.868386230468750000e+02 6.868386230468750000e+02 6.868386230468750000e+02 6.868386230468750000e+02 6.868386230468750000e+02 6.868386230468750000e+02 6.868386230468750000e+02 6.868386230468750000e+02 6.868386230468750000e+02 6.868386230468750000e+02
2.000000000000000000e+00 1.500000000000000000e+03 5.854215698242187500e+02 4.493743286132812500e+02 2.655036010742187500e+02 1.352264404296875000e+02 8.278505706787109375e+01 2.872249450683593750e+02 7.620568847656250000e+01 2.932670783996582031e+01 3.453099441528320312e+01 3.501249694824218750e+01
3.000000000000000000e+00 6.666666666666666288e+02 4.997739257812500000e+02 2.982053527832031250e+02 1.148694381713867188e+02 4.555708312988281250e+01 3.093785858154296875e+01 8.579932403564453125e+01 2.110786819458007812e+01 1.323287105560302734e+01 1.019017791748046875e+01 1.587862014770507812e+01
4.000000000000000000e+00 3.750000000000000000e+02 4.081212463378906250e+02 1.781767730712890625e+02 4.753850555419921875e+01 2.228285980224609375e+01 1.754004287719726562e+01 3.277526855468750000e+01 1.001249027252197266e+01 7.007447719573974609e+00 3.905853509902954102e+00 4.813725948333740234e+00
5.000000000000000000e+00 2.400000000000000000e+02 3.189232177734375000e+02 9.769438171386718750e+01 2.402877235412597656e+01 1.368403339385986328e+01 1.027321529388427734e+01 1.392795562744140625e+01 5.277938365936279297e+00 2.507411718368530273e+00 1.598270297050476074e+00 2.315248966217041016e+00
6.000000000000000000e+00 1.666666666666666572e+02 2.385109100341796875e+02 5.173310089111328125e+01 1.562815093994140625e+01 8.302641868591308594e+00 5.862586021423339844e+00 4.825867652893066406e+00 2.311067581176757812e+00 1.090759754180908203e+00 1.122958660125732422e+00 1.059463739395141602e+00
7.000000000000000000e+00 1.224489795918367321e+02 1.708491058349609375e+02 2.937036895751953125e+01 1.076083660125732422e+01 4.958523273468017578e+00 3.458172798156738281e+00 3.352865457534790039e+00 9.621027708053588867e-01 5.206903219223022461e-01 5.293757915496826172e-01 7.476114034652709961e-01
8.000000000000000000e+00 9.375000000000000000e+01 1.176047821044921875e+02 1.979907798767089844e+01 7.081316471099853516e+00 3.100660562515258789e+00 2.225266933441162109e+00 1.606356024742126465e+00 6.256640553474426270e-01 4.138160049915313721e-01 2.227237671613693237e-01 5.737054944038391113e-01
9.000000000000000000e+00 7.407407407407407618e+01 7.849411773681640625e+01 1.544727516174316406e+01 4.573712348937988281e+00 2.112693786621093750e+00 1.580362677574157715e+00 7.484108805656433105e-01 3.402058184146881104e-01 4.149552583694458008e-01 1.556119620800018311e-01 4.670900702476501465e-01
1.000000000000000000e+01 6.000000000000000000e+01 5.181479263305664062e+01 1.245226001739501953e+01 3.088980436325073242e+00 1.567705869674682617e+00 1.196316480636596680e+00 6.573708653450012207e-01 3.338013589382171631e-01 4.606638848781585693e-01 1.389724165201187134e-01 3.830475509166717529e-01
1.100000000000000000e+01 4.958677685950413405e+01 3.504820632934570312e+01 9.614992141723632812e+00 2.255148649215698242e+00 1.226397395133972168e+00 9.251562356948852539e-01 8.452646732330322266e-01 3.598270118236541748e-01 5.235389471054077148e-01 1.591304689645767212e-01 3.223472833633422852e-01
1.200000000000000000e+01 4.166666666666666430e+01 2.542357063293457031e+01 7.006684303283691406e+00 1.764018654823303223e+00 9.753618836402893066e-01 7.166138291358947754e-01 1.203007459640502930e+00 4.058904945850372314e-01 5.786788463592529297e-01 1.916364282369613647e-01 2.830874621868133545e-01
1.300000000000000000e+01 3.550295857988165693e+01 2.036576461791992188e+01 4.949588775634765625e+00 1.442584037780761719e+00 7.739576697349548340e-01 5.580342411994934082e-01 1.621772170066833496e+00 4.735013842582702637e-01 6.116171479225158691e-01 2.250096499919891357e-01 2.573985755443572998e-01
1.400000000000000000e+01 3.061224489795918302e+01 1.778575325012207031e+01 3.565300226211547852e+00 1.204651951789855957e+00 6.132783293724060059e-01 4.427853822708129883e-01 2.013978958129882812e+00 5.553928613662719727e-01 6.181533932685852051e-01 2.510338127613067627e-01 2.380048334598541260e-01
1.500000000000000000e+01 2.666666666666666785e+01 1.620882987976074219e+01 2.741199254989624023e+00 1.008270621299743652e+00 4.911494255065917969e-01 3.608143925666809082e-01 2.328937768936157227e+00 6.372508406639099121e-01 6.007442474365234375e-01 2.648958563804626465e-01 2.201349437236785889e-01
1.600000000000000000e+01 2.343750000000000000e+01 1.476498222351074219e+01 2.267490625381469727e+00 8.372535705566406250e-01 4.022214412689208984e-01 3.005114793777465820e-01 2.550008058547973633e+00 7.054184675216674805e-01 5.651967525482177734e-01 2.660036385059356689e-01 2.017129063606262207e-01
1.700000000000000000e+01 2.076124567474048277e+01 1.308337593078613281e+01 1.963825345039367676e+00 6.898789405822753906e-01 3.376102149486541748e-01 2.529019415378570557e-01 2.682911872863769531e+00 7.517908811569213867e-01 5.183106064796447754e-01 2.566591501235961914e-01 1.825601160526275635e-01
1.800000000000000000e+01 1.851851851851851904e+01 1.113865375518798828e+01 1.728389739990234375e+00 5.687934160232543945e-01 2.881658077239990234e-01 2.131285667419433594e-01 2.743296146392822266e+00 7.745872139930725098e-01 4.662599861621856689e-01 2.401879578828811646e-01 1.633727103471755981e-01
1.900000000000000000e+01 1.662049861495844993e+01 9.091923713684082031e+00 1.524314999580383301e+00 4.745933711528778076e-01 2.473247200250625610e-01 1.796417981386184692e-01 2.748028755187988281e+00 7.763863205909729004e-01 4.137785136699676514e-01 2.197956144809722900e-01 1.450016200542449951e-01
2.000000000000000000e+01 1.500000000000000000e+01 7.157595157623291016e+00 1.344995737075805664e+00 4.040922224521636963e-01 2.119232416152954102e-01 1.521393209695816040e-01 2.710912704467773438e+00 7.615720629692077637e-01 3.639918565750122070e-01 1.980282962322235107e-01 1.280555129051208496e-01
2.100000000000000000e+01 1.360544217687074742e+01 5.512951374053955078e+00 1.188614249229431152e+00 3.515172600746154785e-01 1.812493354082107544e-01 1.301323175430297852e-01 2.641711711883544922e+00 7.345595359802246094e-01 3.186369240283966064e-01 1.766316890716552734e-01 1.127498820424079895e-01
2.200000000000000000e+01 1.239669421487603351e+01 4.253502845764160156e+00 1.049902796745300293e+00 3.105616271495819092e-01 1.554463952779769897e-01 1.125775054097175598e-01 2.547000646591186523e+00 6.990696191787719727e-01 2.784271240234375000e-01 1.566372066736221313e-01 9.910168498754501343e-02
2.300000000000000000e+01 1.134215500945179578e+01 3.387165784835815430e+00 9.227349758148193359e-01 2.760769724845886230e-01 1.344697624444961548e-01 9.818437695503234863e-02 2.431638002395629883e+00 6.580771803855895996e-01 2.434110045433044434e-01 1.385396420955657959e-01 8.704525232315063477e-02
2.400000000000000000e+01 1.041666666666666607e+01 2.854128122329711914e+00 8.043110370635986328e-01 2.449311912059783936e-01 1.176377385854721069e-01 8.590873330831527710e-02 2.300023794174194336e+00 6.139781475067138672e-01 2.132527679204940796e-01 1.224793493747711182e-01 7.647386193275451660e-02
2.500000000000000000e+01 9.599999999999999645e+00 2.558387041091918945e+00 6.960783004760742188e-01 2.159946411848068237e-01 1.038720682263374329e-01 7.514041662216186523e-02 2.156802892684936523e+00 5.687087178230285645e-01 1.874300837516784668e-01 1.083882004022598267e-01 6.726115942001342773e-02
2.600000000000000000e+01 8.875739644970414233e+00 2.398902177810668945e+00 6.015371084213256836e-01 1.894984990358352661e-01 9.213490784168243408e-02 6.565798819065093994e-02 2.006986141204833984e+00 5.237786769866943359e-01 1.653609722852706909e-01 9.609345346689224243e-02 5.926262959837913513e-02
2.700000000000000000e+01 8.230452674897119181e+00 2.292501688003540039e+00 5.233506560325622559e-01 1.661756187677383423e-01 8.171828091144561768e-02 5.742196366190910339e-02 1.855643868446350098e+00 4.802829623222351074e-01 1.464775353670120239e-01 8.537691086530685425e-02 5.231174826622009277e-02
2.800000000000000000e+01 7.653061224489795755e+00 2.185389518737792969e+00 4.617303013801574707e-01 1.465519517660140991e-01 7.231067866086959839e-02 5.036486685276031494e-02 1.707421064376831055e+00 4.389456510543823242e-01 1.302653998136520386e-01 7.600042223930358887e-02 4.626454040408134460e-02
2.900000000000000000e+01 7.134363852556480090e+00 2.053928375244140625e+00 4.145094156265258789e-01 1.305938810110092163e-01 6.389152258634567261e-02 4.438167437911033630e-02 1.566085457801818848e+00 4.001987576484680176e-01 1.162806376814842224e-01 6.776944547891616821e-02 4.099417105317115784e-02
3.000000000000000000e+01 6.666666666666666963e+00 1.897888779640197754e+00 3.782113194465637207e-01 1.177016198635101318e-01 5.650475621223449707e-02 3.927008435130119324e-02 1.434245467185974121e+00 3.642694652080535889e-01 1.041510179638862610e-01 6.052139401435852051e-02 3.636886924505233765e-02
3.100000000000000000e+01 6.243496357960458099e+00 1.730294823646545410e+00 3.492032289505004883e-01 1.069980636239051819e-01 5.013527348637580872e-02 3.486412763595581055e-02 1.313297033309936523e+00 3.312500119209289551e-01 9.357164800167083740e-02 5.414331331849098206e-02 3.231547400355339050e-02
3.200000000000000000e+01 5.859375000000000000e+00 1.567559242248535156e+00 3.244225680828094482e-01 9.764008224010467529e-02 4.469747841358184814e-02 3.101943992078304291e-02 1.203555941581726074e+00 3.011363148689270020e-01 8.429533988237380981e-02 4.853284358978271484e-02 2.875816822052001953e-02
3.300000000000000000e+01 5.509641873278236623e+00 1.422364592552185059e+00 3.016450405120849609e-01 8.901584148406982422e-02 4.003232344985008240e-02 2.763550914824008942e-02 1.104546189308166504e+00 2.738504409790039062e-01 7.612266391515731812e-02 4.358272254467010498e-02 2.563672140240669250e-02
3.400000000000000000e+01 5.190311418685120692e+00 1.300304055213928223e+00 2.794838845729827881e-01 8.082295209169387817e-02 3.596774116158485413e-02 2.464331127703189850e-02 1.015319108963012695e+00 2.492545843124389648e-01 6.889253109693527222e-02 3.918473049998283386e-02 2.289442531764507294e-02
3.500000000000000000e+01 4.897959183673469497e+00 1.199929714202880859e+00 2.572988569736480713e-01 7.304375618696212769e-02 3.237176686525344849e-02 2.199488505721092224e-02 9.347566366195678711e-01 2.271657884120941162e-01 6.247366219758987427e-02 3.528695553541183472e-02 2.047999389469623566e-02
3.600000000000000000e+01 4.629629629629629761e+00 1.115087509155273438e+00 2.350811958312988281e-01 6.583269685506820679e-02 2.916221134364604950e-02 1.965163275599479675e-02 8.617868423461914062e-01 2.073737084865570068e-01 5.675779283046722412e-02 3.182740509510040283e-02 1.834857836365699768e-02
3.700000000000000000e+01 4.382761139517896254e+00 1.038107275962829590e+00 2.132972627878189087e-01 5.934703350067138672e-02 2.628543786704540253e-02 1.758002676069736481e-02 7.955055236816406250e-01 1.896561086177825928e-01 5.164806917309761047e-02 2.873733825981616974e-02 1.646268554031848907e-02
3.800000000000000000e+01 4.155124653739612484e+00 9.626210331916809082e-01 1.926761120557785034e-01 5.365590378642082214e-02 2.370092459022998810e-02 1.575184240937232971e-02 7.352017164230346680e-01 1.737927049398422241e-01 4.706348478794097900e-02 2.597745694220066071e-02 1.479119807481765747e-02
3.900000000000000000e+01 3.944773175542406474e+00 8.852635622024536133e-01 1.739685088396072388e-01 4.876310750842094421e-02 2.139923162758350372e-02 1.414339244365692139e-02 6.803234219551086426e-01 1.595729589462280273e-01 4.292906075716018677e-02 2.351199276745319366e-02 1.330865081399679184e-02
4.000000000000000000e+01 3.750000000000000000e+00 8.060288429260253906e-01 1.577329337596893311e-01 4.456622153520584106e-02 1.933045312762260437e-02 1.273382827639579773e-02 6.304131150245666504e-01 1.468026489019393921e-01 3.919551521539688110e-02 2.130264788866043091e-02 1.199424453079700470e-02
4.100000000000000000e+01 3.569303985722783956e+00 7.275255918502807617e-01 1.442033350467681885e-01 4.091297090053558350e-02 1.748079434037208557e-02 1.150302123278379440e-02 5.850521922111511230e-01 1.353055387735366821e-01 3.582434356212615967e-02 1.932520978152751923e-02 1.083047874271869659e-02
4.200000000000000000e+01 3.401360544217686854e+00 6.536200046539306641e-01 1.332602500915527344e-01 3.764343261718750000e-02 1.583342999219894409e-02 1.043173111975193024e-02 5.438230633735656738e-01 1.249254420399665833e-01 3.277886286377906799e-02 1.754343323409557343e-02 9.802199900150299072e-03
4.300000000000000000e+01 3.244997295835586826e+00 5.880131721496582031e-01 1.244932413101196289e-01 3.465845435857772827e-02 1.436520833522081375e-02 9.501324966549873352e-03 5.063017606735229492e-01 1.155260726809501648e-01 3.002940304577350616e-02 1.595528796315193176e-02 8.895911276340484619e-03
4.400000000000000000e+01 3.099173553719008378e+00 5.331723690032958984e-01 1.173175871372222900e-01 3.189360350370407104e-02 1.306319609284400940e-02 8.694419637322425842e-03 4.720713794231414795e-01 1.069902405142784119e-01 2.754409983754158020e-02 1.450611185282468796e-02 8.099132217466831207e-03
4.500000000000000000e+01 2.962962962962962798e+00 4.898277223110198975e-01 1.111074313521385193e-01 2.932558394968509674e-02 1.191332004964351654e-02 7.994818501174449921e-03 4.407449364662170410e-01 9.921807050704956055e-02 2.529464848339557648e-02 1.319561898708343506e-02 7.399875205010175705e-03
4.600000000000000000e+01 2.835538752362948944e+00 4.570452272891998291e-01 1.053105369210243225e-01 2.695256471633911133e-02 1.089996472001075745e-02 7.387946825474500656e-03 4.119861125946044922e-01 9.212429076433181763e-02 2.325435355305671692e-02 1.201218273490667343e-02 6.787410937249660492e-03
4.700000000000000000e+01 2.716161158895427974e+00 4.327093958854675293e-01 9.952796250581741333e-02 2.477206103503704071e-02 1.001026201993227005e-02 6.860082969069480896e-03 3.855211734771728516e-01 8.563622832298278809e-02 2.138965204358100891e-02 1.094418857246637344e-02 6.251093000173568726e-03
4.800000000000000000e+01 2.604166666666666519e+00 4.141904115676879883e-01 9.354968369007110596e-02 2.278899960219860077e-02 9.229025803506374359e-03 6.398211233317852020e-03 3.611383438110351562e-01 7.969117909669876099e-02 1.969672739505767822e-02 9.979470632970333099e-03 5.780954379588365555e-03
4.900000000000000000e+01 2.498958767180341489e+00 3.989694714546203613e-01 8.734905719757080078e-02 2.099339105188846588e-02 8.542723022401332855e-03 5.989640019834041595e-03 3.386753499507904053e-01 7.423471659421920776e-02 1.815777644515037537e-02 9.111519902944564819e-03 5.367971956729888916e-03
5.000000000000000000e+01 2.399999999999999911e+00 3.850709795951843262e-01 8.104342222213745117e-02 1.936473697423934937e-02 7.939738221466541290e-03 5.623340606689453125e-03 3.180017173290252686e-01 6.921911984682083130e-02 1.675086095929145813e-02 8.331984281539916992e-03 5.003718659281730652e-03
5.100000000000000000e+01 2.306805074971165048e+00 3.712408244609832764e-01 7.483570277690887451e-02 1.788221672177314758e-02 7.409204263240098953e-03 5.289863329380750656e-03 2.989994585514068604e-01 6.460190564393997192e-02 1.546718645840883255e-02 7.636352907866239548e-03 4.680625163018703461e-03
5.200000000000000000e+01 2.218934911242603558e+00 3.568977713584899902e-01 6.895043700933456421e-02 1.652963459491729736e-02 6.941341329365968704e-03 4.981609061360359192e-03 2.815490663051605225e-01 6.034346297383308411e-02 1.429624762386083603e-02 7.018887903541326523e-03 4.391783382743597031e-03
5.300000000000000000e+01 2.135991456034175950e+00 3.419426083564758301e-01 6.357927620410919189e-02 1.529135089367628098e-02 6.526290439069271088e-03 4.693219903856515884e-03 2.655214667320251465e-01 5.640926212072372437e-02 1.322619896382093430e-02 6.472334731370210648e-03 4.131307825446128845e-03
5.400000000000000000e+01 2.057613168724279795e+00 3.265178799629211426e-01 5.882996693253517151e-02 1.416488457471132278e-02 6.154439412057399750e-03 4.421008285135030746e-03 2.507790625095367432e-01 5.277150496840476990e-02 1.224614866077899933e-02 5.990792065858840942e-03 3.894435474649071693e-03
5.500000000000000000e+01 1.983471074380165344e+00 3.108106255531311035e-01 5.473832413554191589e-02 1.314625795930624008e-02 5.816887598484754562e-03 4.162667319178581238e-03 2.371788918972015381e-01 4.939866811037063599e-02 1.135070249438285828e-02 5.567713640630245209e-03 3.677100874483585358e-03
5.600000000000000000e+01 1.913265306122448939e+00 2.949380278587341309e-01 5.127356573939323425e-02 1.222887542098760605e-02 5.506381392478942871e-03 3.917097579687833786e-03 2.245824784040451050e-01 4.626822844147682190e-02 1.053504273295402527e-02 5.196639336645603180e-03 3.475603880360722542e-03
5.700000000000000000e+01 1.846722068328716437e+00 2.789284288883209229e-01 4.833899438381195068e-02 1.140606682747602463e-02 5.216434597969055176e-03 3.683613613247871399e-03 2.128621041774749756e-01 4.336602240800857544e-02 9.786880575120449066e-03 4.871168173849582672e-03 3.287240630015730858e-03
5.800000000000000000e+01 1.783590963139120023e+00 2.627711594104766846e-01 4.579915478825569153e-02 1.066498551517724991e-02 4.942752420902252197e-03 3.461608896031975746e-03 2.019082009792327881e-01 4.067998751997947693e-02 9.113173931837081909e-03 4.585305694490671158e-03 3.109934506937861443e-03
5.900000000000000000e+01 1.723642631427750649e+00 2.464934289455413818e-01 4.351340979337692261e-02 1.000817213207483292e-02 4.682334605604410172e-03 3.250859444960951805e-03 1.916304677724838257e-01 3.819266334176063538e-02 8.493287488818168640e-03 4.332787822932004929e-03 2.941985847428441048e-03
6.000000000000000000e+01 1.666666666666666741e+00 2.302261590957641602e-01 4.136450588703155518e-02 9.406467899680137634e-03 4.433510825037956238e-03 3.050595056265592575e-03 1.819579601287841797e-01 3.588712215423583984e-02 7.925906218588352203e-03 4.108079243451356888e-03 2.782220486551523209e-03
6.100000000000000000e+01 1.612469766191883869e+00 2.142303735017776489e-01 3.926768898963928223e-02 8.867750875651836395e-03 4.195459652692079544e-03 2.860552631318569183e-03 1.728362441062927246e-01 3.374522179365158081e-02 7.411129307001829147e-03 3.906025318428874016e-03 2.629699418321251869e-03
6.200000000000000000e+01 1.560874089490114525e+00 1.988750398159027100e-01 3.718236461281776428e-02 8.378303609788417816e-03 3.967928700149059296e-03 2.680683741346001625e-03 1.642225980758666992e-01 3.175391256809234619e-02 6.944828201085329056e-03 3.722280031070113182e-03 2.483856165781617165e-03
6.300000000000000000e+01 1.511715797430083219e+00 1.845779418945312500e-01 3.510266169905662537e-02 7.935019209980964661e-03 3.750810865312814713e-03 2.510732738301157951e-03 1.560830175876617432e-01 2.990532107651233673e-02 6.522892508655786514e-03 3.553005633875727654e-03 2.344115171581506729e-03
6.400000000000000000e+01 1.464843750000000000e+00 1.717274188995361328e-01 3.304971009492874146e-02 7.534747011959552765e-03 3.543683094903826714e-03 2.350475406274199486e-03 1.483892798423767090e-01 2.818962372839450836e-02 6.140685640275478363e-03 3.394939005374908447e-03 2.210392616689205170e-03
6.500000000000000000e+01 1.420118343195266197e+00 1.606085896492004395e-01 3.105442412197589874e-02 7.172223180532455444e-03 3.346292069181799889e-03 2.199730137363076210e-03 1.411169618368148804e-01 2.659570984542369843e-02 5.795822944492101669e-03 3.245442407205700874e-03 2.082502236589789391e-03
6.600000000000000000e+01 1.377410468319559156e+00 1.513533592224121094e-01 2.915915288031101227e-02 6.843018345534801483e-03 3.158018225803971291e-03 2.057992853224277496e-03 1.342452317476272583e-01 2.511296980082988739e-02 5.483625456690788269e-03 3.102552145719528198e-03 1.960224006325006485e-03
6.700000000000000000e+01 1.336600579193584215e+00 1.439243853092193604e-01 2.739585191011428833e-02 6.540322210639715195e-03 2.978589851409196854e-03 1.924836426042020321e-03 1.277558803558349609e-01 2.373230084776878357e-02 5.200691986829042435e-03 2.964926883578300476e-03 1.843540812842547894e-03
6.800000000000000000e+01 1.297577854671280173e+00 1.381301730871200562e-01 2.578018419444561005e-02 6.259386893361806870e-03 2.808010671287775040e-03 1.799583551473915577e-03 1.216337233781814575e-01 2.244484983384609222e-02 4.943870939314365387e-03 2.831470919772982597e-03 1.732401549816131592e-03
6.900000000000000000e+01 1.260239445494643951e+00 1.336660087108612061e-01 2.431512624025344849e-02 5.996144376695156097e-03 2.646011067554354668e-03 1.681791734881699085e-03 1.158654317259788513e-01 2.123702503740787506e-02 4.709288943558931351e-03 2.701531397178769112e-03 1.626466633751988411e-03
7.000000000000000000e+01 1.224489795918367374e+00 1.301664859056472778e-01 2.298825979232788086e-02 5.745149217545986176e-03 2.492409897968173027e-03 1.570963417179882526e-03 1.104388386011123657e-01 2.010699361562728882e-02 4.494126420468091965e-03 2.574748359620571136e-03 1.525484025478363037e-03
7.100000000000000000e+01 1.190240031739734139e+00 1.272574961185455322e-01 2.177840843796730042e-02 5.504005122929811478e-03 2.347171306610107422e-03 1.466678339056670666e-03 1.053414940834045410e-01 1.904871314764022827e-02 4.296232946217060089e-03 2.451105508953332901e-03 1.429483992978930473e-03
7.200000000000000000e+01 1.157407407407407440e+00 1.245981082320213318e-01 2.066074311733245850e-02 5.269934888929128647e-03 2.209989354014396667e-03 1.368583412840962410e-03 1.005594953894615173e-01 1.805576682090759277e-02 4.112443421036005020e-03 2.330745104700326920e-03 1.338272821158170700e-03
7.300000000000000000e+01 1.125914805779695937e+00 1.219077855348587036e-01 1.961251720786094666e-02 5.043044686317443848e-03 2.080487320199608803e-03 1.276368275284767151e-03 9.607677906751632690e-02 1.712218299508094788e-02 3.940802998840808868e-03 2.213786588981747627e-03 1.251926762051880360e-03
7.400000000000000000e+01 1.095690284879474063e+00 1.189790070056915283e-01 1.861663348972797394e-02 4.822765942662954330e-03 1.958183012902736664e-03 1.189881470054388046e-03 9.187451750040054321e-02 1.624318212270736694e-02 3.779104212298989296e-03 2.100330777466297150e-03 1.170323346741497517e-03
7.500000000000000000e+01 1.066666666666666652e+00 1.156776919960975647e-01 1.765993610024452209e-02 4.609310999512672424e-03 1.842550700530409813e-03 1.108753960579633713e-03 8.793192356824874878e-02 1.541476417332887650e-02 3.626090707257390022e-03 1.990568591281771660e-03 1.093279803171753883e-03
7.600000000000000000e+01 1.038781163434903121e+00 1.119366288185119629e-01 1.674104109406471252e-02 4.403831902891397476e-03 1.733261393383145332e-03 1.032799249514937401e-03 8.422637730836868286e-02 1.463390141725540161e-02 3.480229992419481277e-03 1.884659752249717712e-03 1.020694267936050892e-03
7.700000000000000000e+01 1.011975037949063960e+00 1.077456772327423096e-01 1.586580649018287659e-02 4.206602461636066437e-03 1.629839534871280193e-03 9.620559867471456528e-04 8.073467761278152466e-02 1.389548461884260178e-02 3.340410301461815834e-03 1.782734994776546955e-03 9.525053901597857475e-04
7.800000000000000000e+01 9.861932938856016184e-01 1.031425520777702332e-01 1.504014525562524796e-02 4.017265047878026962e-03 1.531944493763148785e-03 8.962044958025217056e-04 7.743445038795471191e-02 1.319897361099720001e-02 3.205886343494057655e-03 1.684873597696423531e-03 8.886384312063455582e-04
7.900000000000000000e+01 9.613843935266783713e-01 9.820356965065002441e-02 1.427082531154155731e-02 3.835847601294517517e-03 1.439195242710411549e-03 8.353383745998144150e-04 7.430459558963775635e-02 1.254349853843450546e-02 3.076024586334824562e-03 1.591051579453051090e-03 8.290671976283192635e-04
8.000000000000000000e+01 9.375000000000000000e-01 9.303580969572067261e-02 1.356255728751420975e-02 3.661977592855691910e-03 1.351360580883920193e-03 7.793092518113553524e-04 7.132646441459655762e-02 1.192743983119726181e-02 2.950355177745223045e-03 1.501296530477702618e-03 7.737709092907607555e-04
8.100000000000000000e+01 9.144947416552354769e-01 8.776842057704925537e-02 1.291298586875200272e-02 3.495258279144763947e-03 1.268383581191301346e-03 7.279525161720812321e-04 6.848379969596862793e-02 1.134871505200862885e-02 2.828412922099232674e-03 1.415545004419982433e-03 7.225889712572097778e-04
8.200000000000000000e+01 8.923259964306959890e-01 8.254288882017135620e-02 1.232368592172861099e-02 3.334942273795604706e-03 1.190048060379922390e-03 6.810418562963604927e-04 6.576333940029144287e-02 1.080534048378467560e-02 2.710016677156090736e-03 1.333594438619911671e-03 6.754483329132199287e-04
8.300000000000000000e+01 8.709536942952532668e-01 7.750174403190612793e-02 1.178944576531648636e-02 3.180938074365258217e-03 1.116081373766064644e-03 6.383639411069452763e-04 6.315441429615020752e-02 1.029604487121105194e-02 2.595110563561320305e-03 1.255390117876231670e-03 6.322099943645298481e-04
8.400000000000000000e+01 8.503401360544217136e-01 7.277638465166091919e-02 1.130161527544260025e-02 3.033037064597010612e-03 1.046555931679904461e-03 5.996763356961309910e-04 6.064860895276069641e-02 9.819484315812587738e-03 2.483617514371871948e-03 1.180968945845961571e-03 5.927431629970669746e-04
8.500000000000000000e+01 8.304498269896193330e-01 6.847494840621948242e-02 1.085141859948635101e-02 2.891099080443382263e-03 9.812829084694385529e-04 5.646473728120326996e-04 5.823986604809761047e-02 9.373326785862445831e-03 2.375476993620395660e-03 1.110257464461028576e-03 5.567795014940202236e-04
8.600000000000000000e+01 8.112493239588967064e-01 6.467315554618835449e-02 1.043053250759840012e-02 2.755195368081331253e-03 9.200899512507021427e-04 5.329378764145076275e-04 5.592381581664085388e-02 8.957068435847759247e-03 2.270795637741684914e-03 1.043121796101331711e-03 5.241034668870270252e-04
8.700000000000000000e+01 7.927070947284978741e-01 6.140834465622901917e-02 1.003300212323665619e-02 2.625500783324241638e-03 8.631867822259664536e-04 5.042875418439507484e-04 5.369769781827926636e-02 8.571009151637554169e-03 2.169620245695114136e-03 9.796341182664036751e-04 4.944634856656193733e-04
8.800000000000000000e+01 7.747933884297520946e-01 5.867803469300270081e-02 9.654548950493335724e-03 2.501756651327013969e-03 8.103952277451753616e-04 4.784052725881338120e-04 5.155985429883003235e-02 8.212597109377384186e-03 2.072009723633527756e-03 9.197122999466955662e-04 4.676576645579189062e-04
8.900000000000000000e+01 7.574801161469510991e-01 5.644327029585838318e-02 9.294301271438598633e-03 2.383858896791934967e-03 7.615712238475680351e-04 4.550398734863847494e-04 4.950956255197525024e-02 7.880557328462600708e-03 1.977966399863362312e-03 8.633631514385342598e-04 4.433688591234385967e-04
9.000000000000000000e+01 7.407407407407406996e-01 5.463552847504615784e-02 8.952299132943153381e-03 2.271594014018774033e-03 7.165918359532952309e-04 4.338189610280096531e-04 4.754666611552238464e-02 7.572868373245000839e-03 1.887473626993596554e-03 8.104912121780216694e-04 4.214599030092358589e-04
9.100000000000000000e+01 7.245501750996256041e-01 5.316621065139770508e-02 8.629876188933849335e-03 2.164643025025725365e-03 6.753234774805605412e-04 4.144334525335580111e-04 4.567091539502143860e-02 7.288028951734304428e-03 1.800440950319170952e-03 7.611170876771211624e-04 4.016733728349208832e-04
9.200000000000000000e+01 7.088846880907372361e-01 5.193728953599929810e-02 8.329252712428569794e-03 2.062697894871234894e-03 6.376059027388691902e-04 3.966499352827668190e-04 4.388191550970077515e-02 7.024184335023164749e-03 1.716833910904824734e-03 7.151566096581518650e-04 3.837210824713110924e-04
9.300000000000000000e+01 6.937218175511620233e-01 5.085112899541854858e-02 8.050016127526760101e-03 1.965381205081939697e-03 6.031127995811402798e-04 3.801439306698739529e-04 4.217837005853652954e-02 6.778822746127843857e-03 1.636586268432438374e-03 6.724546547047793865e-04 3.672919701784849167e-04
9.400000000000000000e+01 6.790402897238569935e-01 4.981889203190803528e-02 7.793202064931392670e-03 1.872378983534872532e-03 5.715948645956814289e-04 3.646595869213342667e-04 4.055886715650558472e-02 6.551550235599279404e-03 1.559677417390048504e-03 6.329373572953045368e-04 3.522124607115983963e-04
9.500000000000000000e+01 6.648199445983379308e-01 4.876673594117164612e-02 7.557980716228485107e-03 1.783346757292747498e-03 5.428441218100488186e-04 3.499707090668380260e-04 3.902082145214080811e-02 6.340285297483205795e-03 1.485988730564713478e-03 5.965470918454229832e-04 3.382058348506689072e-04
9.600000000000000000e+01 6.510416666666666297e-01 4.763949289917945862e-02 7.340816780924797058e-03 1.698077074252068996e-03 5.166081828065216541e-04 3.358738904353231192e-04 3.756080940365791321e-02 6.143326405435800552e-03 1.415361533872783184e-03 5.631486419588327408e-04 3.251203161198645830e-04
9.700000000000000000e+01 6.376873206504410918e-01 4.640194773674011230e-02 7.137824781239032745e-03 1.616204623132944107e-03 4.927210975438356400e-04 3.223111561965197325e-04 3.617613390088081360e-02 5.959165282547473907e-03 1.347636454738676548e-03 5.326851387508213520e-04 3.127201634924858809e-04
9.800000000000000000e+01 6.247396917950853723e-01 4.503857716917991638e-02 6.944730877876281738e-03 1.537699135951697826e-03 4.709140048362314701e-04 3.091942344326525927e-04 3.486309945583343506e-02 5.790687631815671921e-03 1.282900338992476463e-03 5.048624589107930660e-04 3.009131178259849548e-04
9.900000000000000000e+01 6.121824303642485754e-01 4.355138912796974182e-02 6.757263559848070145e-03 1.462472719140350819e-03 4.509193240664899349e-04 2.964275190606713295e-04 3.361651673913002014e-02 5.622634198516607285e-03 1.221011625602841377e-03 4.795899440068751574e-04 2.895660581998527050e-04
1.000000000000000000e+02 5.999999999999999778e-01 4.195734485983848572e-02 6.572194397449493408e-03 1.390541903674602509e-03 4.325232293922454119e-04 2.839186636265367270e-04 3.243085741996765137e-02 5.470233969390392303e-03 1.161894062533974648e-03 4.567114810924977064e-04 2.785720571409910917e-04
1.010000000000000000e+02 5.881776296441525442e-01 4.028477519750595093e-02 6.387788336724042892e-03 1.321683055721223354e-03 4.154541238676756620e-04 2.716624585445970297e-04 3.130108490586280823e-02 5.328102037310600281e-03 1.105392351746559143e-03 4.360220918897539377e-04 2.678698801901191473e-04
1.020000000000000000e+02 5.767012687427912621e-01 3.856949880719184875e-02 6.201576441526412964e-03 1.255856710486114025e-03 3.995391889475286007e-04 2.597222919575870037e-04 3.022216819226741791e-02 5.186760798096656799e-03 1.051447354257106781e-03 4.173205234110355377e-04 2.573931124061346054e-04
1.030000000000000000e+02 5.655575454802526103e-01 3.685099259018898010e-02 6.014628801494836807e-03 1.192989526316523552e-03 3.845436440315097570e-04 2.480873663444072008e-04 2.918869256973266602e-02 5.051957443356513977e-03 9.999829344451427460e-04 4.003568901680409908e-04 2.471517946105450392e-04
1.040000000000000000e+02 5.547337278106508895e-01 3.516791760921478271e-02 5.828066729009151459e-03 1.133164972998201847e-03 3.702628600876778364e-04 2.367729030083864927e-04 2.819642052054405212e-02 4.922360181808471680e-03 9.509413503110408783e-04 3.849052882287651300e-04 2.370850561419501901e-04
1.050000000000000000e+02 5.442176870748299811e-01 3.355489671230316162e-02 5.643415730446577072e-03 1.076220534741878510e-03 3.565423830877989531e-04 2.258363529108464718e-04 2.724184840917587280e-02 4.796498455107212067e-03 9.042853489518165588e-04 3.707690339069813490e-04 2.272279380122199655e-04
1.060000000000000000e+02 5.339978640085439876e-01 3.204045444726943970e-02 5.462209228426218033e-03 1.022137119434773922e-03 3.432685043662786484e-04 2.152772358385846019e-04 2.632197178900241852e-02 4.673689603805541992e-03 8.598685963079333305e-04 3.576914023142307997e-04 2.176010893890634179e-04
1.070000000000000000e+02 5.240632369639269816e-01 3.064613044261932373e-02 5.285665858536958694e-03 9.709939477033913136e-04 3.303757694084197283e-04 2.050706825684756041e-04 2.543463744223117828e-02 4.553764592856168747e-03 8.177525014616549015e-04 3.455445112194865942e-04 2.082034916384145617e-04
1.080000000000000000e+02 5.144032921810699488e-01 2.938696742057800293e-02 5.115247331559658051e-03 9.227609261870384216e-04 3.177984908688813448e-04 1.952016173163428903e-04 2.457628771662712097e-02 4.436158575117588043e-03 7.778474828228354454e-04 3.341416304465383291e-04 1.990000891964882612e-04
1.090000000000000000e+02 5.050079959599360624e-01 2.826692722737789154e-02 4.954750649631023407e-03 8.773542358539998531e-04 3.054662665817886591e-04 1.857362804003059864e-04 2.374548651278018951e-02 4.320263862609863281e-03 7.401921320706605911e-04 3.233229799661785364e-04 1.900185889098793268e-04
1.100000000000000000e+02 4.958677685950413361e-01 2.728002332150936127e-02 4.795260261744260788e-03 8.347617113031446934e-04 2.933920186478644609e-04 1.766654022503644228e-04 2.294284850358963013e-02 4.206263460218906403e-03 7.045872625894844532e-04 3.129387623630464077e-04 1.813214767025783658e-04
1.110000000000000000e+02 4.869734599464329294e-01 2.641154266893863678e-02 4.644676111638545990e-03 7.949006394483149052e-04 2.815332554746419191e-04 1.679951092228293419e-04 2.216737344861030579e-02 4.093488678336143494e-03 6.710378802381455898e-04 3.028903738595545292e-04 1.729464856907725334e-04
1.120000000000000000e+02 4.783163265306122347e-01 2.564109489321708679e-02 4.504075739532709122e-03 7.576770149171352386e-04 2.699461765587329865e-04 1.597472437424585223e-04 2.141861803829669952e-02 3.981753718107938766e-03 6.394537631422281265e-04 2.930509217549115419e-04 1.648471952648833394e-04
1.130000000000000000e+02 4.698880100242775470e-01 2.494543232023715973e-02 4.362500272691249847e-03 7.230751216411590576e-04 2.586453047115355730e-04 1.518857461633160710e-04 2.069579251110553741e-02 3.871420631185173988e-03 6.098488229326903820e-04 2.833764592651277781e-04 1.570695749251171947e-04
1.140000000000000000e+02 4.616805170821791093e-01 2.430068515241146088e-02 4.227814730256795883e-03 6.909437943249940872e-04 2.476584049873054028e-04 1.444159715902060270e-04 1.999839022755622864e-02 3.762291278690099716e-03 5.820405785925686359e-04 2.738341863732784986e-04 1.496162440162152052e-04
1.150000000000000000e+02 4.536862003780718355e-01 2.368450723588466644e-02 4.100538324564695358e-03 6.611403659917414188e-04 2.370011643506586552e-04 1.373444247292354703e-04 1.932663097977638245e-02 3.654280444607138634e-03 5.560546997003257275e-04 2.643654297571629286e-04 1.424992369720712304e-04
1.160000000000000000e+02 4.458977407847800056e-01 2.307775430381298065e-02 3.972864709794521332e-03 6.334568606689572334e-04 2.266586670884862542e-04 1.306613557972013950e-04 1.868001930415630341e-02 3.547705244272947311e-03 5.318233743309974670e-04 2.549646887928247452e-04 1.357564178761094809e-04
1.170000000000000000e+02 4.383081306158229107e-01 2.246542647480964661e-02 3.848073771223425865e-03 6.077585276216268539e-04 2.166193153243511915e-04 1.243391743628308177e-04 1.805855892598628998e-02 3.442602930590510368e-03 5.092628998681902885e-04 2.456755610182881355e-04 1.293479872401803732e-04
1.180000000000000000e+02 4.309106578569376622e-01 2.183728851377964020e-02 3.726481460034847260e-03 5.838706274516880512e-04 2.069253241643309593e-04 1.183885760838165879e-04 1.746172644197940826e-02 3.338774433359503746e-03 4.881602071691304445e-04 2.364862448303028941e-04 1.232616777997463942e-04
1.190000000000000000e+02 4.236988913212343943e-01 2.118816040456295013e-02 3.606646088883280754e-03 5.616626003757119179e-04 1.975612394744530320e-04 1.127560317399911582e-04 1.688861660659313202e-02 3.236730815842747688e-03 4.684748710133135319e-04 2.273901336593553424e-04 1.174901335616596043e-04
1.200000000000000000e+02 4.166666666666666852e-01 2.051820605993270874e-02 3.490488976240158081e-03 5.409928271546959877e-04 1.885437668533995748e-04 1.074631363735534251e-04 1.633898168802261353e-02 3.136704210191965103e-03 4.501537769101560116e-04 2.183858450734987855e-04 1.120272063417360187e-04
1.210000000000000000e+02 4.098080732190423903e-01 1.983169652521610260e-02 3.377299057319760323e-03 5.217784200794994831e-04 1.798659068299457431e-04 1.024546872940845788e-04 1.581214927136898041e-02 3.038431052118539810e-03 4.331096715759485960e-04 2.095113886753097177e-04 1.068652200046926737e-04
1.220000000000000000e+02 4.031174415479709672e-01 1.913590542972087860e-02 3.267650026828050613e-03 5.038485396653413773e-04 1.715339458314701915e-04 9.773121564649045467e-05 1.530655194073915482e-02 2.942488528788089752e-03 4.173103952780365944e-04 2.008300652960315347e-04 1.019818009808659554e-04
1.230000000000000000e+02 3.965893317469760260e-01 1.844084821641445160e-02 3.160990541800856590e-03 4.871079581789672375e-04 1.635439548408612609e-04 9.329209569841623306e-05 1.482079830020666122e-02 2.848712960258126259e-03 4.025981179438531399e-04 1.923473755596205592e-04 9.736562788020819426e-05
1.240000000000000000e+02 3.902185223725286312e-01 1.775882206857204437e-02 3.057682886719703674e-03 4.713149974122643471e-04 1.559101947350427508e-04 8.910782344173640013e-05 1.435484737157821655e-02 2.757259877398610115e-03 3.888775827363133430e-04 1.840658369474112988e-04 9.300884994445368648e-05
1.250000000000000000e+02 3.840000000000000080e-01 1.709943264722824097e-02 2.957762451842427254e-03 4.564373521134257317e-04 1.486460823798552155e-04 8.515882655046880245e-05 1.390849053859710693e-02 2.668189350515604019e-03 3.760085382964462042e-04 1.760059676598757505e-04 8.889863966032862663e-05
1.260000000000000000e+02 3.779289493575208048e-01 1.647166162729263306e-02 2.861240413039922714e-03 4.423526988830417395e-04 1.417009334545582533e-04 8.141170837916433811e-05 1.348105072975158691e-02 2.581550274044275284e-03 3.638886264525353909e-04 1.682315923972055316e-04 8.501639240421354771e-05
1.270000000000000000e+02 3.720007440014880262e-01 1.588558778166770935e-02 2.768692094832658768e-03 4.288697964511811733e-04 1.350949169136583805e-04 7.787833601469174027e-05 1.307150069624185562e-02 2.497406909242272377e-03 3.524490748532116413e-04 1.607218873687088490e-04 8.136472752084955573e-05
1.280000000000000000e+02 3.662109375000000000e-01 1.534788310527801514e-02 2.679549157619476318e-03 4.158829397056251764e-04 1.288038765778765082e-04 7.454872684320434928e-05 1.267921831458806992e-02 2.415882190689444542e-03 3.415801620576530695e-04 1.535202027298510075e-04 7.793387339916080236e-05
1.290000000000000000e+02 3.605552550928429745e-01 1.486238557845354080e-02 2.593762706965208054e-03 4.033096483908593655e-04 1.228558394359424710e-04 7.138913497328758240e-05 1.230362616479396820e-02 2.336836419999599457e-03 3.312355838716030121e-04 1.466193643864244223e-04 7.467463728971779346e-05
1.300000000000000000e+02 3.550295857988165493e-01 1.442857272922992706e-02 2.511299913749098778e-03 3.910539671778678894e-04 1.171975891338661313e-04 6.839025445515289903e-05 1.194442436099052429e-02 2.260262845084071159e-03 3.213546297047287226e-04 1.400281471433117986e-04 7.158453081501647830e-05
1.310000000000000000e+02 3.496299749431851511e-01 1.404378190636634827e-02 2.431957283988595009e-03 3.790058544836938381e-04 1.118471118388697505e-04 6.555486470460891724e-05 1.160126179456710815e-02 2.186094177886843681e-03 3.118309541605412960e-04 1.337380672339349985e-04 6.867261981824412942e-05
1.320000000000000000e+02 3.443526170798897890e-01 1.370121631771326065e-02 2.355187432840466499e-03 3.671617014333605766e-04 1.067641132976859808e-04 6.285778363235294819e-05 1.127352006733417511e-02 2.114402595907449722e-03 3.025920013897120953e-04 1.277182745980098844e-04 6.589952681679278612e-05
1.330000000000000000e+02 3.391938492848662889e-01 1.339484378695487976e-02 2.281087683513760567e-03 3.554603026714175940e-04 1.019441260723397136e-04 6.029604628565721214e-05 1.096107065677642822e-02 2.045005327090620995e-03 2.936253149528056383e-04 1.220086123794317245e-04 6.327922892523929477e-05
1.340000000000000000e+02 3.341501447983960538e-01 1.311705727130174637e-02 2.209420548751950264e-03 3.438594285398721695e-04 9.738071821630001068e-05 5.785803659819066525e-05 1.066355407238006592e-02 1.977893523871898651e-03 2.848628209903836250e-04 1.165866051451303065e-04 6.078798105590976775e-05
1.350000000000000000e+02 3.292181069958847739e-01 1.285872235894203186e-02 2.139661228284239769e-03 3.324177814647555351e-04 9.304877312388271093e-05 5.555239476962015033e-05 1.038038823753595352e-02 1.913018641062080860e-03 2.762898220680654049e-04 1.114358601626008749e-04 5.842182508786208928e-05
1.360000000000000000e+02 3.243944636678200433e-01 1.261133328080177307e-02 2.071580151095986366e-03 3.211666480638086796e-04 8.893853373592719436e-05 5.337147013051435351e-05 1.011081878095865250e-02 1.850281027145683765e-03 2.678269811440259218e-04 1.065484611899591982e-04 5.617418719339184463e-05
1.370000000000000000e+02 3.196760615909212122e-01 1.236750651150941849e-02 2.005086746066808701e-03 3.101502952631562948e-04 8.501957927364856005e-05 5.128119664732366800e-05 9.853809140622615814e-03 1.789753092452883720e-03 2.595184196252375841e-04 1.019030387396924198e-04 5.404177136369980872e-05
1.380000000000000000e+02 3.150598613736609876e-01 1.212251838296651840e-02 1.939934678375720978e-03 2.993773377966135740e-04 8.131339563988149166e-05 4.929876376991160214e-05 9.609898552298545837e-03 1.731194322928786278e-03 2.513059007469564676e-04 9.749810124048963189e-05 5.199785664444789290e-05
1.390000000000000000e+02 3.105429325604264768e-01 1.187054906040430069e-02 1.876373309642076492e-03 2.888432645704597235e-04 7.777120481478050351e-05 4.743716272059828043e-05 9.378456510603427887e-03 1.674570026807487011e-03 2.432294131722301245e-04 9.331985347671434283e-05 5.006943320040591061e-05
1.400000000000000000e+02 3.061224489795918435e-01 1.160873658955097198e-02 1.814071438275277615e-03 2.785508404485881329e-04 7.441499474225565791e-05 4.564103073789738119e-05 9.158666245639324188e-03 1.619840972125530243e-03 2.352559822611510754e-04 8.935278310673311353e-05 4.822593109565787017e-05
1.410000000000000000e+02 3.017956843217142193e-01 1.133718993514776230e-02 1.753451884724199772e-03 2.685438957996666431e-04 7.121280214050784707e-05 4.392256596474908292e-05 8.949561044573783875e-03 1.566901220940053463e-03 2.273829741170629859e-04 8.561295544495806098e-05 4.648014873964712024e-05
1.420000000000000000e+02 2.975600079349335347e-01 1.105799898505210876e-02 1.694564241915941238e-03 2.588019124232232571e-04 6.816273526055738330e-05 4.227775934850797057e-05 8.750521577894687653e-03 1.515649491921067238e-03 2.196547284256666899e-04 8.205530320992693305e-05 4.477771653910167515e-05
1.430000000000000000e+02 2.934128808254682363e-01 1.077452208846807480e-02 1.637399080209434032e-03 2.493150823283940554e-04 6.526397191919386387e-05 4.071677540196105838e-05 8.560617454349994659e-03 1.466065412387251854e-03 2.120316203217953444e-04 7.867284875828772783e-05 4.316130070947110653e-05
1.440000000000000000e+02 2.893518518518518601e-01 1.049115974456071854e-02 1.581657794304192066e-03 2.400740631856024265e-04 6.248843419598415494e-05 3.921300958609208465e-05 8.379213511943817139e-03 1.418030005879700184e-03 2.045212168013677001e-04 7.545829430455341935e-05 4.160992466495372355e-05
1.450000000000000000e+02 2.853745541022592036e-01 1.021276880055665970e-02 1.527946558780968189e-03 2.311055141035467386e-04 5.984755989629775286e-05 3.778115933528169990e-05 8.205614984035491943e-03 1.371522317640483379e-03 1.971556484932079911e-04 7.240345439640805125e-05 4.012583667645230889e-05
1.460000000000000000e+02 2.814787014449239844e-01 9.942628443241119385e-03 1.476068282499909401e-03 2.223737974418327212e-04 5.733060606871731579e-05 3.639146598288789392e-05 8.039122447371482849e-03 1.326496596448123455e-03 1.899465278256684542e-04 6.949307862669229507e-05 3.869534339173696935e-05
1.470000000000000000e+02 2.776620852422601593e-01 9.686525911092758179e-03 1.425981754437088966e-03 2.138914715033024549e-04 5.491090632858686149e-05 3.506926805130206048e-05 7.879265584051609039e-03 1.282840850763022900e-03 1.828787353588268161e-04 6.672208837699145079e-05 3.731066681211814284e-05
1.480000000000000000e+02 2.739225712198685159e-01 9.449097327888011932e-03 1.377608161419630051e-03 2.056574012385681272e-04 5.259996760287322104e-05 3.380451744305901229e-05 7.725501898676156998e-03 1.240526093170046806e-03 1.759736478561535478e-04 6.405055319191887975e-05 3.598151670303195715e-05
1.490000000000000000e+02 2.702580964821404419e-01 9.232794865965843201e-03 1.330958562903106213e-03 1.976822095457464457e-04 5.040573159931227565e-05 3.259216464357450604e-05 7.577171083539724350e-03 1.199524849653244019e-03 1.692567748250439763e-04 6.151128764031454921e-05 3.470525552984327078e-05
1.500000000000000000e+02 2.666666666666666630e-01 9.038742631673812866e-03 1.285900827497243881e-03 1.899428316392004490e-04 4.833099592360667884e-05 3.140611806884407997e-05 7.433923427015542984e-03 1.159894047304987907e-03 1.627097080927342176e-04 5.906470687477849424e-05 3.347745587234385312e-05
1.510000000000000000e+02 2.631463532301214769e-01 8.867060765624046326e-03 1.242275349795818329e-03 1.824439677875488997e-04 4.633902790374122560e-05 3.026398917427286506e-05 7.295471616089344025e-03 1.121566165238618851e-03 1.563635887578129768e-04 5.674511339748278260e-05 3.229367575841024518e-05
1.520000000000000000e+02 2.596952908587257802e-01 8.716204203665256500e-03 1.200174214318394661e-03 1.751941890688613057e-04 4.442392310011200607e-05 2.917986967077013105e-05 7.161525078117847443e-03 1.084495685063302517e-03 1.502175582572817802e-04 5.451574543258175254e-05 3.114952414762228727e-05
1.530000000000000000e+02 2.563116749967960795e-01 8.583551272749900818e-03 1.159305218607187271e-03 1.681957219261676073e-04 4.259431807440705597e-05 2.811611921060830355e-05 7.031793240457773209e-03 1.048660138621926308e-03 1.442653447156772017e-04 5.237247387412935495e-05 3.006285623996518552e-05
1.540000000000000000e+02 2.529937594872659901e-01 8.465467020869255066e-03 1.119833556003868580e-03 1.614645589143037796e-04 4.085238833795301616e-05 2.709291402425151318e-05 6.906125228852033615e-03 1.014081179164350033e-03 1.385107898386195302e-04 5.032636181567795575e-05 2.898790808103512973e-05
1.550000000000000000e+02 2.497398543184183028e-01 8.357493206858634949e-03 1.081543043255805969e-03 1.549783628433942795e-04 3.916716013918630779e-05 2.611396666907239705e-05 6.784128956496715546e-03 9.807373862713575363e-04 1.329464575974270701e-04 4.838498716708272696e-05 2.796183434838894755e-05
1.560000000000000000e+02 2.465483234714004046e-01 8.255353197455406189e-03 1.044912147335708141e-03 1.487487461417913437e-04 3.753373312065377831e-05 2.516467793611809611e-05 6.665558088570833206e-03 9.485724149271845818e-04 1.276018592761829495e-04 4.651928611565381289e-05 2.695710645639337599e-05
1.570000000000000000e+02 2.434175828634021765e-01 8.154450915753841400e-03 1.009810366667807102e-03 1.427847746526822448e-04 3.598772309487685561e-05 2.424812191748060286e-05 6.550329737365245819e-03 9.176481980830430984e-04 1.224658917635679245e-04 4.471134161576628685e-05 2.598720675450749695e-05
1.580000000000000000e+02 2.403460983816695928e-01 8.050937205553054810e-03 9.763904381543397903e-04 1.370501850033178926e-04 3.449380528763867915e-05 2.335435237910132855e-05 6.438065320253372192e-03 8.879844681359827518e-04 1.175276775029487908e-04 4.295348117011599243e-05 2.504073563613928854e-05
1.590000000000000000e+02 2.373323840037973309e-01 7.941598072648048401e-03 9.445043979212641716e-04 1.315589033765718341e-04 3.306937287561595440e-05 2.249156204925384372e-05 6.328467279672622681e-03 8.595252875238656998e-04 1.127682990045286715e-04 4.127704232814721763e-05 2.414503251202404499e-05
1.600000000000000000e+02 2.343750000000000000e-01 7.824018597602844238e-03 9.143214556388556957e-04 1.263023441424593329e-04 3.169678166159428656e-05 2.166207741538528353e-05 6.221351679414510727e-03 8.322150097228586674e-04 1.081894442904740572e-04 3.965207361034117639e-05 2.326473259017802775e-05
1.610000000000000000e+02 2.314725512133019580e-01 7.696841843426227570e-03 8.857946959324181080e-04 1.212315401062369347e-04 3.036990892724134028e-05 2.085193955281283706e-05 6.116441916674375534e-03 8.060472318902611732e-04 1.037952970364131033e-04 3.808307519648224115e-05 2.240713365608826280e-05
1.620000000000000000e+02 2.286236854138088692e-01 7.559611927717924118e-03 8.588085183873772621e-04 1.163872002507559955e-04 2.909182330768089741e-05 2.005590249609667808e-05 6.013458594679832458e-03 7.809956441633403301e-04 9.955906716641038656e-05 3.655300679383799434e-05 2.158228016924113035e-05
1.630000000000000000e+02 2.258270917234370956e-01 7.412874605506658554e-03 8.333301520906388760e-04 1.117355350288562477e-04 2.784461503324564546e-05 1.928990059241186827e-05 5.911699030548334122e-03 7.570626912638545036e-04 9.551498078508302569e-05 3.509144153213128448e-05 2.076580130960792303e-05
1.640000000000000000e+02 2.230814991076739973e-01 7.258248515427112579e-03 8.093362557701766491e-04 1.073090752470307052e-04 2.664409112185239792e-05 1.854533729783724993e-05 5.811256822198629379e-03 7.342858007177710533e-04 9.163352660834789276e-05 3.367859972058795393e-05 1.998046354856342077e-05
1.650000000000000000e+02 2.203856749311294827e-01 7.097827736288309097e-03 7.866894011385738850e-04 1.030416024150326848e-04 2.547666190366726369e-05 1.783013249223586172e-05 5.712566431611776352e-03 7.125266711227595806e-04 8.790510037215426564e-05 3.231529626646079123e-05 1.920924114529043436e-05
1.660000000000000000e+02 2.177384235738133167e-01 6.933335680514574051e-03 7.652087952010333538e-04 9.895765106193721294e-05 2.436833528918214142e-05 1.711619188426993787e-05 5.614894907921552658e-03 6.918458384461700916e-04 8.431723108515143394e-05 3.097367516602389514e-05 1.846833947638515383e-05
1.670000000000000000e+02 2.151385851052386167e-01 6.768215913325548172e-03 7.447466487064957619e-04 9.502832836005836725e-05 2.329240487597417086e-05 1.643592258915305138e-05 5.518259480595588684e-03 6.721765385009348392e-04 8.087493188213557005e-05 2.969112028949894011e-05 1.774313022906426340e-05
1.680000000000000000e+02 2.125850340136054284e-01 6.605761125683784485e-03 7.251951610669493675e-04 9.124918142333626747e-05 2.225234129582531750e-05 1.576580507389735430e-05 5.422420334070920944e-03 6.534723797813057899e-04 7.757476851111277938e-05 2.842990215867757797e-05 1.704480382613837719e-05
1.690000000000000000e+02 2.100766779874654322e-01 6.448084488511085510e-03 7.064564269967377186e-04 8.761849312577396631e-05 2.124909951817244291e-05 1.511665414000162855e-05 5.327251739799976349e-03 6.356864469125866890e-04 7.441518391715362668e-05 2.722417411860078573e-05 1.635945591260679066e-05
1.700000000000000000e+02 2.076124567474048332e-01 6.297086365520954132e-03 6.883996538817882538e-04 8.412870374741032720e-05 2.026421316259074956e-05 1.447609520255355164e-05 5.232724361121654510e-03 6.187616381794214249e-04 7.139644003473222256e-05 2.606946145533584058e-05 1.567339313623961061e-05
1.710000000000000000e+02 2.051913409254129406e-01 6.153930909931659698e-03 6.710434099659323692e-04 8.075998630374670029e-05 1.931399492605123669e-05 1.383720700687263161e-05 5.138853564858436584e-03 6.026587216183543205e-04 6.848890188848599792e-05 2.493847387086134404e-05 1.502705799794057384e-05
1.720000000000000000e+02 2.028123309897241766e-01 6.019441410899162292e-03 6.543890340253710747e-04 7.753114914521574974e-05 1.839296965044923127e-05 1.322326352237723768e-05 5.045691505074501038e-03 5.873595946468412876e-04 6.569577817572280765e-05 2.383313767495565116e-05 1.439735115127405152e-05
1.730000000000000000e+02 2.004744562130375274e-01 5.893973167985677719e-03 6.383931031450629234e-04 7.442359492415562272e-05 1.750753654050640762e-05 1.263331341760931537e-05 4.953231196850538254e-03 5.728182150050997734e-04 6.301466055447235703e-05 2.276835039083380252e-05 1.375971896777627990e-05
1.740000000000000000e+02 1.981767736821244685e-01 5.777325015515089035e-03 6.231035222299396992e-04 7.141208334360271692e-05 1.663606417423579842e-05 1.204222826345358044e-05 4.861621186137199402e-03 5.590069340541958809e-04 6.042662062100134790e-05 2.171996493416372687e-05 1.315716690442059189e-05
1.750000000000000000e+02 1.959183673469387654e-01 5.668776575475931168e-03 6.084446795284748077e-04 6.850054342066869140e-05 1.580587559146806598e-05 1.147180682892212644e-05 4.770915023982524872e-03 5.458678351715207100e-04 5.793875970994122326e-05 2.070503069262485951e-05 1.255795086763100699e-05
1.760000000000000000e+02 1.936983471074380236e-01 5.567160435020923615e-03 5.944480071775615215e-04 6.570055120391771197e-05 1.498749497841345146e-05 1.092466027330374345e-05 4.681247286498546600e-03 5.333452136255800724e-04 5.555505413212813437e-05 1.973622602235991508e-05 1.197874735225923359e-05
1.770000000000000000e+02 1.915158479364167388e-01 5.471047945320606232e-03 5.811022710986435413e-04 6.302456313278526068e-05 1.419939235347555950e-05 1.038385471474612132e-05 4.592662211507558823e-03 5.213215481489896774e-04 5.324084122548811138e-05 1.878425246104598045e-05 1.142468863690737635e-05
1.780000000000000000e+02 1.893700290367377748e-01 5.379057489335536957e-03 5.683914059773087502e-04 6.043948451406322420e-05 1.342901123280171305e-05 9.862915248959325254e-06 4.505387041717767715e-03 5.098186666145920753e-04 5.104182127979584038e-05 1.786087887012399733e-05 1.087069631466874853e-05
1.790000000000000000e+02 1.872600730314284700e-01 5.289700813591480255e-03 5.562558071687817574e-04 5.796579716843552887e-05 1.268598862225189805e-05 9.350828804599586874e-06 4.419584758579730988e-03 4.987491411156952381e-04 4.890569471172057092e-05 1.696940489637199789e-05 1.033559965435415506e-05
1.800000000000000000e+02 1.851851851851851749e-01 5.201718769967556000e-03 5.446464056149125099e-04 5.557301847147755325e-05 1.196942594106076285e-05 8.852175596985034645e-06 4.334585741162300110e-03 4.881356435362249613e-04 4.685772364609874785e-05 1.610946492291986942e-05 9.809043149289209396e-06
1.810000000000000000e+02 1.831445926559018278e-01 5.114024039357900620e-03 5.334780435077846050e-04 5.326975588104687631e-05 1.126116512750741094e-05 8.362495464098174125e-06 4.251674283295869827e-03 4.779081791639328003e-04 4.486910984269343317e-05 1.527390122646465898e-05 9.306174433731939644e-06
1.820000000000000000e+02 1.811375437749064010e-01 5.025698803365230560e-03 5.226764478720724583e-04 5.103009243612177670e-05 1.057374447555048391e-05 7.898540388850960881e-06 4.169998224824666977e-03 4.679893318098038435e-04 4.295364487916231155e-05 1.444687950424849987e-05 8.810498002276290208e-06
1.830000000000000000e+02 1.791633073546537724e-01 4.936349112540483475e-03 5.121242138557136059e-04 4.887097384198568761e-05 9.904827493301127106e-06 7.438949978677555919e-06 4.089842550456523895e-03 4.584206326398998499e-04 4.108840221306309104e-05 1.365959997201571241e-05 8.321946552314329892e-06
1.840000000000000000e+02 1.772211720226843090e-01 4.845795687288045883e-03 5.017713410779833794e-04 4.681103746406733990e-05 9.252766176359727979e-06 6.996991942287422717e-06 4.011129029095172882e-03 4.490825231187045574e-04 3.930641832994297147e-05 1.289483134314650670e-05 7.873106369515880942e-06
1.850000000000000000e+02 1.753104455807158457e-01 4.753945861011743546e-03 4.915446043014526367e-04 4.482944495975971222e-05 8.616096238256432116e-06 6.567596301465528086e-06 3.933848813176155090e-03 4.399688332341611385e-04 3.760602339752949774e-05 1.215118754771538079e-05 7.413258117594523355e-06
1.860000000000000000e+02 1.734304543877905058e-01 4.661226645112037659e-03 4.813271807506680489e-04 4.290831566322594881e-05 7.990802259882912040e-06 6.150347871880512685e-06 3.858159529045224190e-03 4.310226649977266788e-04 3.595965245040133595e-05 1.142833480116678402e-05 6.983974344620946795e-06
1.870000000000000000e+02 1.715805427664502947e-01 4.568131174892187119e-03 4.710621724370867014e-04 4.105193511350080371e-05 7.369317700067767873e-06 5.744221198256127536e-06 3.783748717978596687e-03 4.222581337671726942e-04 3.435950929997488856e-05 1.072835038939956576e-05 6.550553734996356070e-06
1.880000000000000000e+02 1.697600724309642484e-01 4.474882967770099640e-03 4.607494338415563107e-04 3.926255521946586668e-05 6.776829195587197319e-06 5.367279754864284769e-06 3.710818011313676834e-03 4.136174975428730249e-04 3.282275429228320718e-05 1.002766020974377170e-05 6.153791673568775877e-06
1.890000000000000000e+02 1.679684219366759101e-01 4.382214508950710297e-03 4.503784875851124525e-04 3.754795761778950691e-05 6.186612154124304652e-06 4.981006895832251757e-06 3.639274742454290390e-03 4.050657153129577637e-04 3.133610152872279286e-05 9.367013262817636132e-06 5.758050519943935797e-06
1.900000000000000000e+02 1.662049861495844827e-01 4.291038028895854950e-03 4.399633908178657293e-04 3.587855826481245458e-05 5.602009423455456272e-06 4.610989435605006292e-06 3.569016698747873306e-03 3.965915238950401545e-04 2.988468804687727243e-05 8.721893209440167993e-06 5.378120476962067187e-06
1.910000000000000000e+02 1.644691757353142769e-01 4.201877396553754807e-03 4.294978571124374866e-04 3.424989336053840816e-05 5.059558134234976023e-06 4.268988959665875882e-06 3.500158200040459633e-03 3.882211749441921711e-04 2.849396696547046304e-05 8.082424756139516830e-06 5.007036179449642077e-06
1.920000000000000000e+02 1.627604166666666574e-01 4.114891868084669113e-03 4.190852341707795858e-04 3.267356805736199021e-05 4.510922735789790750e-06 3.930774255422875285e-06 3.432599129155278206e-03 3.798899706453084946e-04 2.713972935453057289e-05 7.467932846338953823e-06 4.644412001653108746e-06
1.930000000000000000e+02 1.610781497489865433e-01 4.030443262308835983e-03 4.087294801138341427e-04 3.115975050604902208e-05 3.978618224209640175e-06 3.594735289880190976e-06 3.366263583302497864e-03 3.716179635375738144e-04 2.582049091870430857e-05 6.855894753243774176e-06 4.291738150641322136e-06
1.940000000000000000e+02 1.594218301626102730e-01 3.948561847209930420e-03 3.984781797043979168e-04 2.968385706481058151e-05 3.457383854765794240e-06 3.282504849266842939e-06 3.301237011328339577e-03 3.634174936451017857e-04 2.456451693433336914e-05 6.269856839935528114e-06 3.968882538174511865e-06
1.950000000000000000e+02 1.577909270216962534e-01 3.869197098538279533e-03 3.884117759298533201e-04 2.826443778758402914e-05 2.948451538031804375e-06 2.968538410641485825e-06 3.237475408241152763e-03 3.552684793248772621e-04 2.333626798645127565e-05 5.692689228453673422e-06 3.655362434074049816e-06
1.960000000000000000e+02 1.561849229487713431e-01 3.792250528931617737e-03 3.785655717365443707e-04 2.689405118871945888e-05 2.460701125528430566e-06 2.679719273146474734e-06 3.174899145960807800e-03 3.471684758551418781e-04 2.215334461652673781e-05 5.129941655468428507e-06 3.340794137329794466e-06
1.970000000000000000e+02 1.546033136643562012e-01 3.717564279213547707e-03 3.690012963488698006e-04 2.557012885517906398e-05 1.970010089280549437e-06 2.376751353949657641e-06 3.113597398623824120e-03 3.391467325855046511e-04 2.098668483085930347e-05 4.594896836351836100e-06 3.044441655219998211e-06
1.980000000000000000e+02 1.530456075910621438e-01 3.644826589152216911e-03 3.597304166760295630e-04 2.428054358460940421e-05 1.513574716227594763e-06 2.116608584401546977e-06 3.053513821214437485e-03 3.311932669021189213e-04 1.986385541385971010e-05 4.063288997713243589e-06 2.758138634817441925e-06
1.990000000000000000e+02 1.515113254715790003e-01 3.573902649804949760e-03 3.507302899379283190e-04 2.301999302289914340e-05 1.043532847688766196e-06 1.844522103056078777e-06 2.995411166921257973e-03 3.233035677112638950e-04 1.875915404525585473e-05 3.538854343787534162e-06 2.474650955264223740e-06
2.000000000000000000e+02 1.499999999999999944e-01 3.504520282149314880e-03 3.419997519813477993e-04 2.177626265620347112e-05 5.983201845083385706e-07 1.583576590746815782e-06 2.937642158940434456e-03 3.155031881760805845e-04 1.770600101735908538e-05 3.034220071640447713e-06 2.211403852925286628e-06
2.010000000000000000e+02 1.485111754659538263e-01 3.436536528170108795e-03 3.335158689878880978e-04 2.058263999060727656e-05 1.656940042948917835e-07 1.337793264610809274e-06 2.880162792280316353e-03 3.077622386626899242e-04 1.666592106630560011e-05 2.547086296544875950e-06 1.957458152901381254e-06
