1.000000000000000000e+00 6.000000000000000000e+03 6.866547851562500000e+02 6.866547851562500000e+02
2.000000000000000000e+00 1.500000000000000000e+03 2.660981140136718750e+02 6.941004943847656250e+01
3.000000000000000000e+00 6.666666666666666288e+02 1.156699066162109375e+02 9.046429634094238281e+00
4.000000000000000000e+00 3.750000000000000000e+02 4.834807586669921875e+01 4.109693050384521484e+00
5.000000000000000000e+00 2.400000000000000000e+02 2.474610519409179688e+01 2.099136352539062500e+00
6.000000000000000000e+00 1.666666666666666572e+02 1.622376632690429688e+01 1.045421600341796875e+00
7.000000000000000000e+00 1.224489795918367321e+02 1.123811721801757812e+01 3.926724791526794434e-01
8.000000000000000000e+00 9.375000000000000000e+01 7.454116344451904297e+00 2.288752347230911255e-01
9.000000000000000000e+00 7.407407407407407618e+01 4.858565330505371094e+00 1.563537120819091797e-01
1.000000000000000000e+01 6.000000000000000000e+01 3.302924871444702148e+00 1.155560612678527832e-01
1.100000000000000000e+01 4.958677685950413405e+01 2.414432525634765625e+00 8.285211771726608276e-02
1.200000000000000000e+01 4.166666666666666430e+01 1.882897615432739258e+00 5.922569334506988525e-02
1.300000000000000000e+01 3.550295857988165693e+01 1.532643556594848633e+00 4.655096679925918579e-02
1.400000000000000000e+01 3.061224489795918302e+01 1.274725437164306641e+00 4.432187974452972412e-02
1.500000000000000000e+01 2.666666666666666785e+01 1.064723253250122070e+00 5.021212249994277954e-02
1.600000000000000000e+01 2.343750000000000000e+01 8.844213485717773438e-01 6.126663088798522949e-02
1.700000000000000000e+01 2.076124567474048277e+01 7.305348515510559082e-01 7.476890087127685547e-02
1.800000000000000000e+01 1.851851851851851904e+01 6.045873761177062988e-01 8.861366659402847290e-02
1.900000000000000000e+01 1.662049861495844993e+01 5.064294338226318359e-01 1.013766825199127197e-01
2.000000000000000000e+01 1.500000000000000000e+01 4.324318766593933105e-01 1.122210994362831116e-01
2.100000000000000000e+01 1.360544217687074742e+01 3.766077756881713867e-01 1.207491233944892883e-01
2.200000000000000000e+01 1.239669421487603351e+01 3.325866758823394775e-01 1.268627792596817017e-01
2.300000000000000000e+01 1.134215500945179578e+01 2.952441275119781494e-01 1.306551843881607056e-01
2.400000000000000000e+01 1.041666666666666607e+01 2.615055739879608154e-01 1.323319375514984131e-01
2.500000000000000000e+01 9.599999999999999645e+00 2.302922010421752930e-01 1.321574300527572632e-01
2.600000000000000000e+01 8.875739644970414233e+00 2.018600553274154663e-01 1.304183602333068848e-01
2.700000000000000000e+01 8.230452674897119181e+00 1.769353002309799194e-01 1.274013966321945190e-01
2.800000000000000000e+01 7.653061224489795755e+00 1.560087949037551880e-01 1.233778074383735657e-01
2.900000000000000000e+01 7.134363852556480090e+00 1.389951109886169434e-01 1.185942813754081726e-01
3.000000000000000000e+01 6.666666666666666963e+00 1.252401173114776611e-01 1.132676452398300171e-01
3.100000000000000000e+01 6.243496357960458099e+00 1.138106584548950195e-01 1.075835525989532471e-01
3.200000000000000000e+01 5.859375000000000000e+00 1.038201823830604553e-01 1.016967520117759705e-01
3.300000000000000000e+01 5.509641873278236623e+00 9.462889283895492554e-02 9.573322534561157227e-02
3.400000000000000000e+01 5.190311418685120692e+00 8.591511845588684082e-02 8.979351073503494263e-02
3.500000000000000000e+01 4.897959183673469497e+00 7.765848189592361450e-02 8.395605534315109253e-02
3.600000000000000000e+01 4.629629629629629761e+00 7.000502198934555054e-02 7.827852666378021240e-02
3.700000000000000000e+01 4.382761139517896254e+00 6.311799585819244385e-02 7.280428707599639893e-02
3.800000000000000000e+01 4.155124653739612484e+00 5.706575512886047363e-02 6.756006926298141479e-02
3.900000000000000000e+01 3.944773175542406474e+00 5.185249820351600647e-02 6.255493313074111938e-02
4.000000000000000000e+01 3.750000000000000000e+00 4.737722128629684448e-02 5.780128017067909241e-02
4.100000000000000000e+01 3.569303985722783956e+00 4.348232969641685486e-02 5.331847071647644043e-02
4.200000000000000000e+01 3.401360544217686854e+00 4.000764712691307068e-02 4.912472516298294067e-02
4.300000000000000000e+01 3.244997295835586826e+00 3.683962300419807434e-02 4.522205889225006104e-02
4.400000000000000000e+01 3.099173553719008378e+00 3.391106054186820984e-02 4.159083589911460876e-02
4.500000000000000000e+01 2.962962962962962798e+00 3.119556605815887451e-02 3.822596743702888489e-02
4.600000000000000000e+01 2.835538752362948944e+00 2.868804335594177246e-02 3.510930389165878296e-02
4.700000000000000000e+01 2.716161158895427974e+00 2.638666704297065735e-02 3.222884982824325562e-02
4.800000000000000000e+01 2.604166666666666519e+00 2.428529597818851471e-02 2.957150153815746307e-02
4.900000000000000000e+01 2.498958767180341489e+00 2.237667702138423920e-02 2.712968550622463226e-02
5.000000000000000000e+01 2.399999999999999911e+00 2.064332738518714905e-02 2.489363029599189758e-02
5.100000000000000000e+01 2.306805074971165048e+00 1.906486600637435913e-02 2.284405566751956940e-02
5.200000000000000000e+01 2.218934911242603558e+00 1.762321591377258301e-02 2.096693590283393860e-02
5.300000000000000000e+01 2.135991456034175950e+00 1.630458794534206390e-02 1.924666389822959900e-02
5.400000000000000000e+01 2.057613168724279795e+00 1.510435715317726135e-02 1.767905429005622864e-02
5.500000000000000000e+01 1.983471074380165344e+00 1.401825994253158569e-02 1.625072397291660309e-02
5.600000000000000000e+01 1.913265306122448939e+00 1.303948462009429932e-02 1.494794245809316635e-02
5.700000000000000000e+01 1.846722068328716437e+00 1.216020807623863220e-02 1.376244798302650452e-02
5.800000000000000000e+01 1.783590963139120023e+00 1.136814430356025696e-02 1.268791407346725464e-02
5.900000000000000000e+01 1.723642631427750649e+00 1.065602898597717285e-02 1.171487662941217422e-02
6.000000000000000000e+01 1.666666666666666741e+00 1.001333910971879959e-02 1.082964241504669189e-02
6.100000000000000000e+01 1.612469766191883869e+00 9.436354972422122955e-03 1.003188546746969223e-02
6.200000000000000000e+01 1.560874089490114525e+00 8.911478333175182343e-03 9.315174072980880737e-03
6.300000000000000000e+01 1.511715797430083219e+00 8.439704775810241699e-03 8.662882260978221893e-03
6.400000000000000000e+01 1.464843750000000000e+00 8.011989295482635498e-03 8.075303398072719574e-03
6.500000000000000000e+01 1.420118343195266197e+00 7.625748403370380402e-03 7.548550609499216080e-03
6.600000000000000000e+01 1.377410468319559156e+00 7.274847477674484253e-03 7.075398694723844528e-03
6.700000000000000000e+01 1.336600579193584215e+00 6.953693460673093796e-03 6.650673225522041321e-03
6.800000000000000000e+01 1.297577854671280173e+00 6.656148470938205719e-03 6.270476616919040680e-03
6.900000000000000000e+01 1.260239445494643951e+00 6.376600358635187149e-03 5.930543877184391022e-03
7.000000000000000000e+01 1.224489795918367374e+00 6.110507063567638397e-03 5.626016762107610703e-03
7.100000000000000000e+01 1.190240031739734139e+00 5.853718612343072891e-03 5.352811422199010849e-03
7.200000000000000000e+01 1.157407407407407440e+00 5.604457575827836990e-03 5.106870085000991821e-03
7.300000000000000000e+01 1.125914805779695937e+00 5.361845251172780991e-03 4.884592257440090179e-03
7.400000000000000000e+01 1.095690284879474063e+00 5.126049742102622986e-03 4.682761617004871368e-03
7.500000000000000000e+01 1.066666666666666652e+00 4.898101091384887695e-03 4.498400259763002396e-03
7.600000000000000000e+01 1.038781163434903121e+00 4.678189754486083984e-03 4.328795708715915680e-03
7.700000000000000000e+01 1.011975037949063960e+00 4.466725047677755356e-03 4.171513952314853668e-03
7.800000000000000000e+01 9.861932938856016184e-01 4.264018498361110687e-03 4.024559631943702698e-03
7.900000000000000000e+01 9.613843935266783713e-01 4.070026334375143051e-03 3.886000253260135651e-03
8.000000000000000000e+01 9.375000000000000000e-01 3.884130856022238731e-03 3.754224861040711403e-03
8.100000000000000000e+01 9.144947416552354769e-01 3.706121118739247322e-03 3.627958241850137711e-03
8.200000000000000000e+01 8.923259964306959890e-01 3.535437164828181267e-03 3.506130073219537735e-03
8.300000000000000000e+01 8.709536942952532668e-01 3.371456870809197426e-03 3.387859323993325233e-03
8.400000000000000000e+01 8.503401360544217136e-01 3.213662188500165939e-03 3.272510599344968796e-03
8.500000000000000000e+01 8.304498269896193330e-01 3.062342526391148567e-03 3.159560495987534523e-03
8.600000000000000000e+01 8.112493239588967064e-01 2.917060162872076035e-03 3.048635786399245262e-03
8.700000000000000000e+01 7.927070947284978741e-01 2.778138034045696259e-03 2.939671277999877930e-03
8.800000000000000000e+01 7.747933884297520946e-01 2.645333996042609215e-03 2.832425292581319809e-03
8.900000000000000000e+01 7.574801161469510991e-01 2.518619410693645477e-03 2.726840320974588394e-03
9.000000000000000000e+01 7.407407407407406996e-01 2.397875534370541573e-03 2.622940344735980034e-03
9.100000000000000000e+01 7.245501750996256041e-01 2.282987348735332489e-03 2.520761918276548386e-03
9.200000000000000000e+01 7.088846880907372361e-01 2.173508051782846451e-03 2.420355798676609993e-03
9.300000000000000000e+01 6.937218175511620233e-01 2.068953355774283409e-03 2.321852603927254677e-03
9.400000000000000000e+01 6.790402897238569935e-01 1.968974480405449867e-03 2.225375501438975334e-03
9.500000000000000000e+01 6.648199445983379308e-01 1.873291330412030220e-03 2.131046494469046593e-03
9.600000000000000000e+01 6.510416666666666297e-01 1.781696337275207043e-03 2.039049286395311356e-03
9.700000000000000000e+01 6.376873206504410918e-01 1.693986589089035988e-03 1.949420780874788761e-03
9.800000000000000000e+01 6.247396917950853723e-01 1.609914354048669338e-03 1.862320117652416229e-03
9.900000000000000000e+01 6.121824303642485754e-01 1.529422705061733723e-03 1.777786412276327610e-03
1.000000000000000000e+02 5.999999999999999778e-01 1.452542026527225971e-03 1.695891027338802814e-03
1.010000000000000000e+02 5.881776296441525442e-01 1.379178022034466267e-03 1.616583555005490780e-03
1.020000000000000000e+02 5.767012687427912621e-01 1.309274346567690372e-03 1.539930584840476513e-03
1.030000000000000000e+02 5.655575454802526103e-01 1.242705155164003372e-03 1.465906039811670780e-03
1.040000000000000000e+02 5.547337278106508895e-01 1.179440645501017570e-03 1.394466031342744827e-03
1.050000000000000000e+02 5.442176870748299811e-01 1.119424705393612385e-03 1.325744087807834148e-03
1.060000000000000000e+02 5.339978640085439876e-01 1.062543597072362900e-03 1.259840093553066254e-03
1.070000000000000000e+02 5.240632369639269816e-01 1.008717343211174011e-03 1.196666504256427288e-03
1.080000000000000000e+02 5.144032921810699488e-01 9.579007746651768684e-04 1.136206672526896000e-03
1.090000000000000000e+02 5.050079959599360624e-01 9.100390016101300716e-04 1.078504021279513836e-03
1.100000000000000000e+02 4.958677685950413361e-01 8.650961681269109249e-04 1.023557269945740700e-03
1.110000000000000000e+02 4.869734599464329294e-01 8.229970117099583149e-04 9.713714825920760632e-04
1.120000000000000000e+02 4.783163265306122347e-01 7.836850709281861782e-04 9.218729683198034763e-04
1.130000000000000000e+02 4.698880100242775470e-01 7.470854907296597958e-04 8.751060813665390015e-04
1.140000000000000000e+02 4.616805170821791093e-01 7.130760350264608860e-04 8.310531848110258579e-04
1.150000000000000000e+02 4.536862003780718355e-01 6.814931402914226055e-04 7.895547314547002316e-04
1.160000000000000000e+02 4.458977407847800056e-01 6.521957111544907093e-04 7.506237598136067390e-04
1.170000000000000000e+02 4.383081306158229107e-01 6.250438746064901352e-04 7.141680107451975346e-04
1.180000000000000000e+02 4.309106578569376622e-01 5.997937405481934547e-04 6.802017451263964176e-04
1.190000000000000000e+02 4.236988913212343943e-01 5.763283115811645985e-04 6.486304919235408306e-04
1.200000000000000000e+02 4.166666666666666852e-01 5.544921732507646084e-04 6.193191511556506157e-04
1.210000000000000000e+02 4.098080732190423903e-01 5.341456853784620762e-04 5.921599804423749447e-04
1.220000000000000000e+02 4.031174415479709672e-01 5.151308723725378513e-04 5.670565296895802021e-04
1.230000000000000000e+02 3.965893317469760260e-01 4.973210743628442287e-04 5.438588559627532959e-04
1.240000000000000000e+02 3.902185223725286312e-01 4.806279612239450216e-04 5.224358756095170975e-04
1.250000000000000000e+02 3.840000000000000080e-01 4.648578469641506672e-04 5.026721628382802010e-04
1.260000000000000000e+02 3.779289493575208048e-01 4.498945199884474277e-04 4.843992646783590317e-04
1.270000000000000000e+02 3.720007440014880262e-01 4.356065473984926939e-04 4.675126401707530022e-04
1.280000000000000000e+02 3.662109375000000000e-01 4.218189860694110394e-04 4.519127833191305399e-04
1.290000000000000000e+02 3.605552550928429745e-01 4.084141110070049763e-04 4.374204145278781652e-04
1.300000000000000000e+02 3.550295857988165493e-01 3.953218110837042332e-04 4.239093395881354809e-04
1.310000000000000000e+02 3.496299749431851511e-01 3.824204322881996632e-04 4.112191672902554274e-04
1.320000000000000000e+02 3.443526170798897890e-01 3.696877975016832352e-04 3.992743731942027807e-04
1.330000000000000000e+02 3.391938492848662889e-01 3.571027773432433605e-04 3.879733849316835403e-04
1.340000000000000000e+02 3.341501447983960538e-01 3.446956980042159557e-04 3.771987685468047857e-04
1.350000000000000000e+02 3.292181069958847739e-01 3.324148419778794050e-04 3.668567514978349209e-04
1.360000000000000000e+02 3.243944636678200433e-01 3.203297092113643885e-04 3.568580141291022301e-04
1.370000000000000000e+02 3.196760615909212122e-01 3.085024654865264893e-04 3.471346572041511536e-04
1.380000000000000000e+02 3.150598613736609876e-01 2.969437919091433287e-04 3.376141539774835110e-04
1.390000000000000000e+02 3.105429325604264768e-01 2.856458595488220453e-04 3.282415273133665323e-04
1.400000000000000000e+02 3.061224489795918435e-01 2.746673417277634144e-04 3.190038842149078846e-04
1.410000000000000000e+02 3.017956843217142193e-01 2.639852173160761595e-04 3.098616143688559532e-04
1.420000000000000000e+02 2.975600079349335347e-01 2.536126994527876377e-04 3.007984196301549673e-04
1.430000000000000000e+02 2.934128808254682363e-01 2.435216883895918727e-04 2.918086538556963205e-04
1.440000000000000000e+02 2.893518518518518601e-01 2.337069890927523375e-04 2.828683936968445778e-04
1.450000000000000000e+02 2.853745541022592036e-01 2.241622569272294641e-04 2.739734482020139694e-04
1.460000000000000000e+02 2.814787014449239844e-01 2.148952335119247437e-04 2.651195100042968988e-04
1.470000000000000000e+02 2.776620852422601593e-01 2.058972313534468412e-04 2.563222369644790888e-04
1.480000000000000000e+02 2.739225712198685159e-01 1.971225428860634565e-04 2.475988003425300121e-04
1.490000000000000000e+02 2.702580964821404419e-01 1.885671663330867887e-04 2.389590081293135881e-04
1.500000000000000000e+02 2.666666666666666630e-01 1.802889892132952809e-04 2.304415538674220443e-04
1.510000000000000000e+02 2.631463532301214769e-01 1.722772140055894852e-04 2.220273890998214483e-04
1.520000000000000000e+02 2.596952908587257802e-01 1.645408483454957604e-04 2.137344126822426915e-04
1.530000000000000000e+02 2.563116749967960795e-01 1.570846216054633260e-04 2.055667428066954017e-04
1.540000000000000000e+02 2.529937594872659901e-01 1.498931378591805696e-04 1.975573395611718297e-04
1.550000000000000000e+02 2.497398543184183028e-01 1.430051488569006324e-04 1.897159527288749814e-04
1.560000000000000000e+02 2.465483234714004046e-01 1.364015624858438969e-04 1.820470934035256505e-04
1.570000000000000000e+02 2.434175828634021765e-01 1.300654985243454576e-04 1.745810586726292968e-04
1.580000000000000000e+02 2.403460983816695928e-01 1.239994599018245935e-04 1.673169608693569899e-04
1.590000000000000000e+02 2.373323840037973309e-01 1.181933330371975899e-04 1.602923293830826879e-04
1.600000000000000000e+02 2.343750000000000000e-01 1.126185088651254773e-04 1.534697366878390312e-04
1.610000000000000000e+02 2.314725512133019580e-01 1.072597733582369983e-04 1.468846166972070932e-04
1.620000000000000000e+02 2.286236854138088692e-01 1.021438947645947337e-04 1.405070361215621233e-04
1.630000000000000000e+02 2.258270917234370956e-01 9.724239498609676957e-05 1.343643380096182227e-04
1.640000000000000000e+02 2.230814991076739973e-01 9.253257303498685360e-05 1.284508907701820135e-04
1.650000000000000000e+02 2.203856749311294827e-01 8.802274533081799746e-05 1.227535249199718237e-04
1.660000000000000000e+02 2.177384235738133167e-01 8.369502029381692410e-05 1.172881529782898724e-04
1.670000000000000000e+02 2.151385851052386167e-01 7.953034946694970131e-05 1.120400120271369815e-04
1.680000000000000000e+02 2.125850340136054284e-01 7.554940384579822421e-05 1.070072175934910774e-04
1.690000000000000000e+02 2.100766779874654322e-01 7.171910692704841495e-05 1.021765274344943464e-04
1.700000000000000000e+02 2.076124567474048332e-01 6.802246207371354103e-05 9.753796621225774288e-05
1.710000000000000000e+02 2.051913409254129406e-01 6.446769839385524392e-05 9.310226596426218748e-05
1.720000000000000000e+02 2.028123309897241766e-01 6.103755731601268053e-05 8.883437840268015862e-05
1.730000000000000000e+02 2.004744562130375274e-01 5.772770600742660463e-05 8.475214417558163404e-05
1.740000000000000000e+02 1.981767736821244685e-01 5.452057666843757033e-05 8.083262946456670761e-05
1.750000000000000000e+02 1.959183673469387654e-01 5.143332964507862926e-05 7.707210170337930322e-05
1.760000000000000000e+02 1.936983471074380236e-01 4.845889270654879510e-05 7.345736230490729213e-05
1.770000000000000000e+02 1.915158479364167388e-01 4.558687942335382104e-05 6.999255856499075890e-05
1.780000000000000000e+02 1.893700290367377748e-01 4.281436122255399823e-05 6.664548709522932768e-05
1.790000000000000000e+02 1.872600730314284700e-01 4.013723810203373432e-05 6.342050619423389435e-05
1.800000000000000000e+02 1.851851851851851749e-01 3.754403223865665495e-05 6.031555312802083790e-05
1.810000000000000000e+02 1.831445926559018278e-01 3.505376298562623560e-05 5.733263242291286588e-05
1.820000000000000000e+02 1.811375437749064010e-01 3.265894338255748153e-05 5.445294300443492830e-05
1.830000000000000000e+02 1.791633073546537724e-01 3.036157431779429317e-05 5.166022674529813230e-05
1.840000000000000000e+02 1.772211720226843090e-01 2.814465733536053449e-05 4.896123573416844010e-05
1.850000000000000000e+02 1.753104455807158457e-01 2.601756386866327375e-05 4.634796277969144285e-05
1.860000000000000000e+02 1.734304543877905058e-01 2.394942748651374131e-05 4.381364124128594995e-05
1.870000000000000000e+02 1.715805427664502947e-01 2.195896740886382759e-05 4.135624476475641131e-05
1.880000000000000000e+02 1.697600724309642484e-01 2.003566260100342333e-05 3.897619899362325668e-05
1.890000000000000000e+02 1.679684219366759101e-01 1.817969678086228669e-05 3.665957774501293898e-05
1.900000000000000000e+02 1.662049861495844827e-01 1.638972389628179371e-05 3.441412263782694936e-05
1.910000000000000000e+02 1.644691757353142769e-01 1.465371860831510276e-05 3.223934618290513754e-05
1.920000000000000000e+02 1.627604166666666574e-01 1.296910522796679288e-05 3.013677451235707849e-05
1.930000000000000000e+02 1.610781497489865433e-01 1.134216381615260616e-05 2.809559373417869210e-05
1.940000000000000000e+02 1.594218301626102730e-01 9.759514796314761043e-06 2.611290801723953336e-05
1.950000000000000000e+02 1.577909270216962534e-01 8.227416401496157050e-06 2.419765587546862662e-05
1.960000000000000000e+02 1.561849229487713431e-01 6.753284196747699752e-06 2.233179657196160406e-05
1.970000000000000000e+02 1.546033136643562012e-01 5.328965926310047507e-06 2.051280716841574758e-05
1.980000000000000000e+02 1.530456075910621438e-01 3.942943749279947951e-06 1.873438304755836725e-05
1.990000000000000000e+02 1.515113254715790003e-01 2.590630856502684765e-06 1.701146175037138164e-05
2.000000000000000000e+02 1.499999999999999944e-01 1.276724219678726513e-06 1.533234353701118380e-05
2.010000000000000000e+02 1.485111754659538263e-01 0.000000000000000000e+00 1.371607140754349530e-05
