Validation loss table:
gamma        0.010    0.025    0.050    0.075    0.100
alpha                                                 
10^{-3.5} 8.80e-02 9.70e-02 1.07e-01 1.33e-01 1.37e-01
10^{-3.0} 9.29e-02 9.49e-02 1.15e-01 1.27e-01 1.56e-01
10^{-2.5} 8.93e-02 9.51e-02 1.08e-01 1.36e-01 1.38e-01
10^{-2.0} 9.93e-02 1.18e-01 1.22e-01 1.39e-01 1.60e-01
10^{-1.5} 1.19e-01 1.35e-01 1.53e-01 1.63e-01 1.79e-01


Penalty table:
gamma        0.010    0.025    0.050    0.075    0.100
alpha                                                 
10^{-3.5} 1.31e-04 1.34e-04 1.43e-04 1.85e-04 1.37e-04
10^{-3.0} 1.84e-04 1.32e-04 1.07e-04 1.93e-04 1.63e-04
10^{-2.5} 1.72e-04 2.10e-04 1.79e-04 1.73e-04 1.59e-04
10^{-2.0} 2.85e-04 3.72e-04 1.92e-04 2.22e-04 2.19e-04
10^{-1.5} 5.45e-04 3.89e-04 3.18e-04 3.95e-04 3.97e-04